#beta <- c(1/8, -2/8, 3/8, -7/8, 1/8, 0, 0, 0)
beta=c(2,-1,-3,4,0)
delta <- c(0.3)